-2.47751
-2.72369
-3.30093
-5.32428
0.816566
-2.78591
-2.61736
-2.93157
-3.51989
-5.49278
0.444434
-2.60596
-2.60444
-2.96917
-3.55869
-5.49263
0.194958
-2.37354
-2.61269
-3.01592
-3.59533
-5.49712
0.0687066
-2.23552
-2.62631
-3.02179
-3.60875
-5.5302
0.0850909
-2.38189
-2.65952
-3.04006
-3.62379
-5.53311
0.0821767
-2.36872
-2.6167
-3.01884
-3.60527
-5.52044
0.00890243
-2.31265
-2.58724
-2.99412
-3.58142
-5.49201
0.101989
-2.14779
-2.5816
-2.99063
-3.57962
-5.50019
0.0791501
-2.253
-2.60695
-3.01041
-3.5903
-5.48712
0.0628761
-2.10837
-2.62211
-3.02015
-3.60112
-5.50361
0.101851
-2.22239
-2.69683
-3.04779
-3.61865
-5.53473
0.213856
-2.39642
-2.65893
-3.01855
-3.59704
-5.53516
0.293906
-2.25131
-2.62922
-3.00854
-3.59134
-5.49431
0.150366
-2.1251
-2.64949
-3.02393
-3.59344
-5.52782
0.200514
-2.29505
-2.6668
-3.03435
-3.60385
-5.49763
0.211134
-2.07053
-2.73465
-3.05909
-3.61586
-5.54961
0.318406
-2.36477
-2.73216
-3.05371
-3.61222
-5.57201
0.25419
-2.54834
-2.70235
-3.03758
-3.60308
-5.55191
0.242617
-2.38008
-2.70518
-3.02051
-3.58999
-5.56547
0.334526
-2.62761
-2.71679
-3.04446
-3.60361
-5.54759
0.211822
-2.44359
-2.70854
-3.0386
-3.60827
-5.53986
0.260502
-2.32334
-2.68031
-3.0282
-3.60077
-5.50631
0.188664
-2.1921
-2.67347
-3.02234
-3.59529
-5.54139
0.298601
-2.30285
-2.67598
-3.03462
-3.60443
-5.53205
0.247616
-2.27738
-2.69537
-3.03409
-3.6054
-5.53507
0.209297
-2.37536
-2.70724
-3.04642
-3.62117
-5.56267
0.257638
-2.47221
-2.78708
-3.08521
-3.63404
-5.57737
0.368582
-2.54212
-2.79936
-3.07658
-3.62788
-5.57562
0.497287
-2.44847
-2.78302
-3.06111
-3.62424
-5.59535
0.417456
-2.69098
-2.78388
-3.06558
-3.62012
-5.56152
0.319855
-2.41575
-2.77785
-3.05134
-3.60147
-5.53079
0.319411
-2.38899
-2.77717
-3.0473
-3.60062
-5.54545
0.481599
-2.38362
-2.72052
-2.99045
-3.54577
-5.51973
0.499199
-2.55339
-2.78972
-3.05942
-3.61356
-5.57982
0.513637
-2.53477
-2.79557
-3.06246
-3.62389
-5.5927
0.507214
-2.70126
-2.7864
-3.05696
-3.61656
-5.57878
0.423344
-2.57309
-2.81232
-3.08566
-3.62933
-5.55815
0.386285
-2.46956
-2.81505
-3.07484
-3.62471
-5.62014
0.622835
-2.8044
-2.8011
-3.07357
-3.62055
-5.55933
0.549697
-2.37552
-2.77453
-3.05397
-3.61054
-5.55839
0.485122
-2.44204
-2.78027
-3.06778
-3.62449
-5.58149
0.44175
-2.56338
-2.79775
-3.07523
-3.62821
-5.6114
0.460986
-2.73201
-2.74861
-3.04436
-3.60474
-5.57371
0.412165
-2.55999
-2.72237
-3.03584
-3.61262
-5.57823
0.342515
-2.5989
-2.73128
-3.07003
-3.63758
-5.55781
0.280142
-2.35464
-2.73471
-3.0684
-3.6261
-5.53452
0.161673
-2.21662
-2.74568
-3.06682
-3.63032
-5.60094
0.442954
-2.61577
-2.76482
-3.07402
-3.6335
-5.56178
0.322865
-2.42167
-2.79614
-3.0736
-3.62637
-5.54999
0.554084
-2.43435
-2.78801
-3.07185
-3.62903
-5.57585
0.451953
-2.58019
-2.74163
-3.05076
-3.61683
-5.57138
0.434624
-2.47013
-2.72531
-3.04724
-3.61961
-5.54865
0.293124
-2.44228
-2.70293
-3.03976
-3.61538
-5.54214
0.274724
-2.38056
-2.68687
-3.02567
-3.60778
-5.55295
0.272681
-2.49381
-2.68656
-3.03432
-3.61157
-5.53634
0.355938
-2.28628
-2.68018
-3.02446
-3.60716
-5.58914
0.411118
-2.63403
-2.66257
-3.02879
-3.60772
-5.54397
0.208408
-2.47782
-2.64206
-3.02985
-3.62083
-5.50236
0.0367156
-2.23473
-2.618
-3.00649
-3.59895
-5.51567
0.0987089
-2.27434
-2.60351
-3.00196
-3.60517
-5.53742
0.137006
-2.40049
-2.59221
-2.99417
-3.58427
-5.53167
0.305015
-2.21807
-2.5779
-2.99002
-3.59372
-5.46372
0.117988
-1.94602
-2.58662
-2.98984
-3.59559
-5.5153
0.161079
-2.33345
-2.5639
-2.98035
-3.58993
-5.51419
0.0804353
-2.39662
-2.5456
-2.98028
-3.58897
-5.48942
0.110577
-2.14012
-2.55238
-2.98162
-3.58419
-5.43685
0.00689862
-1.78447
-2.54894
-2.98273
-3.58454
-5.47731
0.0989745
-2.00648
-2.52985
-2.97442
-3.57417
-5.4923
0.0500631
-2.16099
-2.52877
-2.96916
-3.58403
-5.48816
0.0284517
-2.25131
-2.51662
-2.96375
-3.57829
-5.45844
0.103059
-1.93983
-2.49754
-2.96284
-3.58257
-5.52327
-0.0264443
-2.34842
-2.48624
-2.95496
-3.57221
-5.5192
0.00191236
-2.34472
-2.48824
-2.95955
-3.57956
-5.5244
0.0142674
-2.38492
-2.48013
-2.9556
-3.57501
-5.51652
-0.0886133
-2.33511
-2.39896
-2.88073
-3.50275
-5.43121
-0.0783246
-2.2346
-2.47357
-2.95263
-3.57222
-5.51993
-0.016679
-2.31576
-2.48037
-2.95644
-3.57046
-5.46876
-0.0472079
-1.99045
